0 0 190 0 2 0 0 0 0 0 1 1 0 1 0
2 0 0 1 1 0 2 1 0 1 0 0 0 0 1
0 0 0 0 0 0 0 0 0 0 0 0 0 0 0
0 0 0 0 0 0 0 0 0 1 0 0 0 0 0
0 0 0 1 0 1 0 0 0 0 0 0 0 1 0
0 0 0 0 0 0 0 0 0 0 0 0 0 0 0
0 0 0 0 1 0 3 2 2 1 0 1 1 2 0
0 0 1 2 2 2 1 3 2 2 1 2 1 2 0
0 0 0 0 0 0 1 4 1 2 2 1 0 0 0
0 0 0 0 0 0 0 7 7 4 0 0 0 1 0
0 0 0 0 0 0 0 11 27 13 2 0 0 0 0
0 0 0 1 0 0 2 24 58 19 4 0 0 0 0
0 1 0 1 1 4 5 16 33 15 7 2 2 2 2
0 0 0 0 0 0 5 11 9 7 4 0 1 0 0
0 0 0 0 0 1 4 4 2 2 4 1 0 0 0
0 2 0 0 2 4 13 13 9 2 2 1 0 0 0
0 0 0 1 1 16 93 102 15 0 1 0 0 0 0
0 0 0 0 0 66 221 211 32 0 0 0 0 0 0
0 0 0 0 1 54 184 145 16 0 0 0 0 0 0
0 0 1 0 0 11 38 31 5 4 0 0 0 0 0
0 0 0 1 0 2 5 4 2 2 2 0 0 0 1
0 0 0 0 0 0 1 1 0 0 0 0 0 0 0
1 0 0 0 2 1 0 0 1 0 0 0 0 1 2
0 0 0 0 2 0 0 0 1 0 2 0 2 1 0
0 0 1 0 2 1 0 0 1 0 0 2 0 0 1
0 0 0 0 0 0 0 0 0 0 0 0 0 0 0
0 0 0 0 0 1 0 0 0 0 0 1 0 0 0
