1 0 0 0 4 1 0 0 0 181 0 0 1 1 0
0 0 0 0 0 0 0 0 0 0 0 0 0 0 0
0 0 0 2 1 0 0 0 0 0 0 0 1 0 0
2 2 1 1 0 4 9 2 1 0 0 0 0 0 0
0 0 1 0 0 5 15 5 0 0 0 0 0 0 0
5 4 4 2 7 31 118 33 5 1 0 1 4 2 2
5 2 4 7 11 66 237 54 4 0 0 0 0 0 0
2 2 2 7 32 98 26 4 0 0 0 0 0 0 0
1 0 0 5 12 21 9 2 0 0 0 0 0 0 0
2 0 2 2 4 8 4 2 0 0 0 0 0 0 0
2 1 4 5 4 10 4 2 1 0 0 1 2 0 0
2 1 2 2 4 7 2 2 0 0 0 0 1 0 1
0 1 1 0 2 5 2 2 0 1 2 1 0 0 1
1 0 5 4 2 10 2 2 0 0 0 1 1 0 0
0 4 1 1 2 4 1 0 1 1 0 0 1 1 1
1 2 1 4 4 7 4 4 2 1 2 1 1 0 2
1 1 0 2 2 5 5 2 2 0 2 1 0 2 1
1 1 0 0 1 1 1 0 1 2 1 1 1 2 1
2 0 1 1 4 9 2 0 2 2 1 1 1 4 0
0 1 0 1 0 1 1 1 0 0 0 0 0 0 0
0 0 1 2 1 1 2 1 0 1 2 1 1 4 0
1 4 5 2 4 7 5 5 2 2 1 1 1 0 2
4 2 2 1 4 10 4 2 4 2 1 4 4 1 4
0 1 0 1 0 0 0 0 1 0 0 0 0 0 0
0 0 1 1 0 0 0 0 1 1 0 1 0 0 1
0 2 1 2 2 0 0 2 0 0 0 1 2 0 0
1 1 2 0 0 1 5 2 2 2 2 0 2 4 0
