0 0 192 1 1 2 1 2 153 2 1 0 0 1 0
0 0 1 0 1 2 5 9 3 0 1 1 0 1 0
0 1 0 2 1 2 10 13 10 1 1 0 0 1 0
1 1 1 0 0 1 16 24 13 0 2 0 2 0 1
0 0 0 0 0 6 59 102 49 4 0 0 0 0 0
0 0 0 0 1 15 126 149 83 8 1 0 0 0 0
0 1 0 0 1 10 60 67 41 10 0 1 0 0 0
0 1 0 2 0 5 19 26 15 7 5 1 1 2 0
0 0 0 0 1 1 5 9 5 1 0 0 0 0 0
0 1 0 0 0 0 7 11 5 1 2 0 0 0 1
0 0 0 0 0 0 4 4 4 1 1 0 0 0 0
1 2 2 0 0 1 7 5 2 0 0 0 1 2 0
0 0 0 0 0 0 1 1 0 0 0 0 0 0 1
0 0 1 0 0 0 1 4 0 0 0 0 0 0 0
1 0 0 0 0 0 1 4 1 0 0 0 0 0 1
0 2 0 0 0 2 2 5 2 0 1 0 1 0 0
0 1 1 2 2 1 0 2 1 0 0 1 0 0 0
1 1 0 1 0 0 2 1 2 2 2 1 0 0 0
1 0 1 0 0 0 1 1 2 0 0 0 1 1 2
2 0 0 0 0 0 0 1 1 1 1 0 1 0 0
1 0 0 0 0 0 0 0 0 0 1 0 1 0 0
0 2 0 0 0 0 0 0 0 1 0 1 1 1 1
2 1 0 0 0 0 0 0 0 0 0 0 0 0 0
2 0 2 0 0 0 0 0 0 0 0 1 1 4 0
0 0 0 0 0 0 0 0 0 0 0 0 0 0 1
1 0 0 1 0 0 0 0 0 1 0 0 0 2 2
1 0 1 1 1 0 0 0 0 1 1 1 0 2 1
