0 0 191 0 0 1 2 172 3 4 2 0 0 2 1
1 0 0 0 1 0 0 0 0 5 1 2 0 0 1
0 0 0 0 0 0 0 0 0 0 0 0 0 0 0
0 0 0 0 0 0 0 0 0 0 0 0 0 0 0
0 0 0 0 0 0 0 0 0 0 0 0 1 1 0
0 0 0 0 0 0 0 0 0 0 0 0 0 3 0
0 0 0 0 0 0 0 0 0 0 0 0 0 0 0
0 0 0 0 0 0 0 0 0 0 0 0 1 3 1
0 0 0 0 0 0 0 0 0 0 0 0 0 0 1
0 0 0 0 0 0 0 0 0 0 0 1 0 2 1
0 0 0 0 0 0 0 0 100 0 1 1 0 2 1
1 0 0 0 0 0 0 0 0 0 0 0 0 0 1
1 1 0 0 0 0 0 0 2 2 2 2 5 6 3
0 0 0 0 0 0 0 0 0 0 0 0 0 0 0
0 0 0 0 0 0 0 1 0 0 0 0 0 2 2
0 1 0 0 0 0 0 0 0 0 1 1 2 1 0
0 0 0 0 0 0 0 0 0 0 1 7 23 38 13
0 0 0 0 0 0 0 0 0 0 1 11 69 161 36
0 0 0 0 0 0 0 0 0 1 2 9 75 217 49
0 0 0 0 0 0 0 0 0 0 0 7 26 69 23
0 0 0 0 0 1 0 0 2 1 2 4 9 13 4
0 0 0 0 0 0 0 1 0 0 2 4 5 5 2
0 0 0 0 0 0 0 0 1 1 0 2 4 7 0
0 2 0 0 0 0 0 0 1 2 2 4 2 4 2
0 0 0 0 1 0 0 0 0 0 0 1 1 7 2
0 1 1 1 2 0 0 1 1 1 1 0 4 2 2
2 0 0 4 0 0 2 0 1 1 1 1 2 5 2
